6.510206899999999 Training_Time (s)
0.4257129000000006 Test_time (s)
97.8328295917904 Kappa accuracy (%)
98.1000308103112 Overall accuracy (%)
96.11956474756646 Average accuracy (%)
[100.          98.74723655  99.49302915  99.55555556  97.60348584
  99.42279942 100.         100.          94.73684211  98.15817985
  98.75643225  95.02664298  99.48717949  98.91846922  92.09809264
  65.90909091] Each accuracy (%)
                              precision    recall  f1-score   support

                     Alfalfa     1.0000    1.0000    1.0000        44
                 Corn-notill     0.9831    0.9875    0.9853      1357
                Corn-mintill     0.9887    0.9949    0.9918       789
                        Corn     0.9956    0.9956    0.9956       225
               Grass-pasture     0.9933    0.9760    0.9846       459
                 Grass-trees     0.9971    0.9942    0.9957       693
         Grass-pasture-mowed     0.8182    1.0000    0.9000        27
               Hay-windrowed     1.0000    1.0000    1.0000       454
                        Oats     1.0000    0.9474    0.9730        19
              Soybean-notill     0.9497    0.9816    0.9654       923
             Soybean-mintill     0.9871    0.9876    0.9874      2332
               Soybean-clean     0.9436    0.9503    0.9469       563
                       Wheat     0.9848    0.9949    0.9898       195
                       Woods     0.9794    0.9892    0.9843      1202
Buildings-Grass-Trees-Drives     0.9971    0.9210    0.9575       367
          Stone-Steel-Towers     0.9667    0.6591    0.7838        88

                    accuracy                         0.9810      9737
                   macro avg     0.9740    0.9612    0.9651      9737
                weighted avg     0.9812    0.9810    0.9807      9737

[[  44    0    0    0    0    0    0    0    0    0    0    0    0    0
     0    0]
 [   0 1340    0    0    0    0    0    0    0    5   12    0    0    0
     0    0]
 [   0    2  785    1    0    0    0    0    0    0    0    1    0    0
     0    0]
 [   0    0    0  224    0    0    0    0    0    0    0    1    0    0
     0    0]
 [   0    0    0    0  448    0    6    0    0    0    5    0    0    0
     0    0]
 [   0    0    0    0    0  689    0    0    0    0    4    0    0    0
     0    0]
 [   0    0    0    0    0    0   27    0    0    0    0    0    0    0
     0    0]
 [   0    0    0    0    0    0    0  454    0    0    0    0    0    0
     0    0]
 [   0    0    1    0    0    0    0    0   18    0    0    0    0    0
     0    0]
 [   0   15    0    0    0    0    0    0    0  906    0    0    0    2
     0    0]
 [   0    3    0    0    0    2    0    0    0   19 2303    0    3    1
     1    0]
 [   0    3    7    0    3    0    0    0    0   11    2  535    0    0
     0    2]
 [   0    0    1    0    0    0    0    0    0    0    0    0  194    0
     0    0]
 [   0    0    0    0    0    0    0    0    0   13    0    0    0 1189
     0    0]
 [   0    0    0    0    0    0    0    0    0    0    7    0    0   22
   338    0]
 [   0    0    0    0    0    0    0    0    0    0    0   30    0    0
     0   58]]
